#T
a,b,c
1,_L46,2
2,1,3
_L11,4,2

